#name network latitude longitude useless depth
0 A 42.0 146.0 0.0 948582.0
1 A 47.0 -111.0 0.0 390231.0
2 A 50.0 180.0 0.0 1561154.0
3 A 57.0 136.0 0.0 599285.0
4 A -24.0 169.0 0.0 1164920.0
5 A -44.0 -7.0 0.0 711741.0
6 A -7.0 -86.0 0.0 71187.0
7 A -16.0 -11.0 0.0 1212630.0
8 A -16.0 -63.0 0.0 192303.0
9 A -40.0 -83.0 0.0 734598.0
10 A -36.0 -46.0 0.0 2514568.0
11 A 1.0 -122.0 0.0 1090987.0
12 A 60.0 148.0 0.0 822003.0
13 A -62.0 -118.0 0.0 1226412.0
14 A 55.0 84.0 0.0 1831007.0
15 A 73.0 -125.0 0.0 25270.0
16 A -12.0 -46.0 0.0 2099878.0
17 A 5.0 -19.0 0.0 1748267.0
18 A 43.0 171.0 0.0 1187179.0
19 A 12.0 162.0 0.0 39985.0
20 A 21.0 -155.0 0.0 994385.0
21 A -10.0 -122.0 0.0 89436.0
22 A -6.0 -155.0 0.0 379202.0
23 A 32.0 97.0 0.0 136050.0
24 A 36.0 70.0 0.0 1596959.0
25 A -5.0 20.0 0.0 2584412.0
26 A 7.0 -126.0 0.0 86973.0
27 A -23.0 -130.0 0.0 1735940.0
28 A -44.0 62.0 0.0 1278127.0
29 A -22.0 90.0 0.0 341461.0
30 A -44.0 -145.0 0.0 2834695.0
31 A 25.0 -96.0 0.0 1355664.0
32 A -38.0 76.0 0.0 1011160.0
33 A 21.0 -71.0 0.0 1516868.0
34 A 29.0 129.0 0.0 57289.0
35 A 28.0 113.0 0.0 514254.0
36 A -17.0 138.0 0.0 1157344.0
37 A 13.0 166.0 0.0 2236988.0
38 A 19.0 -173.0 0.0 947266.0
39 A -1.0 -78.0 0.0 543698.0
40 A 68.0 -128.0 0.0 2685320.0
41 A 0.0 129.0 0.0 1300614.0
42 A 72.0 171.0 0.0 963592.0
43 A 38.0 162.0 0.0 200597.0
44 A 69.0 -163.0 0.0 1215698.0
45 A -12.0 -42.0 0.0 1444925.0
46 A 16.0 47.0 0.0 334229.0
47 A -55.0 -159.0 0.0 2390390.0
48 A 30.0 172.0 0.0 416956.0
49 A -55.0 -14.0 0.0 54237.0
50 A -40.0 -37.0 0.0 1936888.0
51 A 6.0 31.0 0.0 989728.0
52 A -43.0 -139.0 0.0 2260327.0
53 A -23.0 53.0 0.0 1089591.0
54 A 68.0 169.0 0.0 1981545.0
55 A -27.0 100.0 0.0 891865.0
56 A 15.0 -132.0 0.0 1186904.0
57 A -16.0 48.0 0.0 265138.0
58 A 56.0 -81.0 0.0 2408840.0
59 A 14.0 -159.0 0.0 984736.0
60 A 56.0 145.0 0.0 970352.0
61 A -14.0 106.0 0.0 2308782.0
62 A 49.0 98.0 0.0 1695725.0
63 A 18.0 -43.0 0.0 2012824.0
64 A 10.0 85.0 0.0 2607247.0
65 A -34.0 103.0 0.0 407102.0
66 A -82.0 17.0 0.0 1544359.0
67 A 22.0 122.0 0.0 150762.0
68 A -64.0 122.0 0.0 467578.0
69 A -10.0 34.0 0.0 2094850.0
70 A -29.0 -168.0 0.0 1646222.0
71 A 45.0 -97.0 0.0 1362075.0
72 A -69.0 -149.0 0.0 1607427.0
73 A -33.0 46.0 0.0 2532956.0
74 A -6.0 -54.0 0.0 247195.0
75 A 22.0 179.0 0.0 1465118.0
76 A 49.0 160.0 0.0 1041012.0
77 A -38.0 -143.0 0.0 238101.0
78 A -2.0 -54.0 0.0 862214.0
79 A 29.0 100.0 0.0 765109.0
80 A 14.0 -65.0 0.0 95605.0
81 A -1.0 -135.0 0.0 358992.0
82 A 7.0 -38.0 0.0 525814.0
83 A -42.0 154.0 0.0 1487062.0
84 A 28.0 77.0 0.0 1498512.0
85 A -60.0 -158.0 0.0 897386.0
86 A 66.0 91.0 0.0 1093451.0
87 A -49.0 -68.0 0.0 2058584.0
88 A 50.0 -75.0 0.0 2253548.0
89 A -59.0 48.0 0.0 1370240.0
90 A 12.0 -84.0 0.0 94308.0
91 A 19.0 -146.0 0.0 2013642.0
92 A 40.0 -177.0 0.0 2079508.0
93 A 47.0 107.0 0.0 1614313.0
94 A 27.0 17.0 0.0 180578.0
95 A -78.0 -134.0 0.0 1646089.0
96 A -15.0 -63.0 0.0 2316573.0
97 A -64.0 -157.0 0.0 159003.0
98 A 43.0 39.0 0.0 1915045.0
99 A -65.0 -100.0 0.0 575381.0
100 A -66.0 -135.0 0.0 59021.0
101 A 22.0 -137.0 0.0 1431877.0
102 A 54.0 174.0 0.0 1949144.0
103 A 73.0 62.0 0.0 118440.0
104 A -62.0 169.0 0.0 1195442.0
105 A 19.0 18.0 0.0 1547721.0
106 A 6.0 -162.0 0.0 2277192.0
107 A -54.0 -128.0 0.0 2253383.0
108 A 1.0 129.0 0.0 1456090.0
109 A -16.0 -78.0 0.0 2270245.0
110 A 13.0 89.0 0.0 1312401.0
111 A -41.0 -118.0 0.0 414871.0
112 A -64.0 -140.0 0.0 1069380.0
113 A -67.0 103.0 0.0 1665109.0
114 A 18.0 -129.0 0.0 281658.0
115 A 58.0 151.0 0.0 458020.0
116 A -58.0 150.0 0.0 2187899.0
117 A 40.0 -107.0 0.0 1039138.0
118 A 19.0 -36.0 0.0 51823.0
119 A -6.0 137.0 0.0 1316624.0
120 A -37.0 54.0 0.0 919592.0
121 A 34.0 -144.0 0.0 2584407.0
122 A 15.0 136.0 0.0 894698.0
123 A 46.0 -162.0 0.0 1232979.0
124 A -62.0 -158.0 0.0 1612016.0
125 A -55.0 146.0 0.0 536553.0
126 A -56.0 -15.0 0.0 2543271.0
127 A 5.0 -121.0 0.0 1129820.0
128 A 29.0 1.0 0.0 173571.0
129 A -50.0 172.0 0.0 1732040.0
130 A -18.0 107.0 0.0 875529.0
131 A -35.0 -111.0 0.0 107448.0
132 A 37.0 -42.0 0.0 2030514.0
133 A -31.0 62.0 0.0 2703622.0
134 A 27.0 62.0 0.0 728299.0
135 A -67.0 135.0 0.0 1402615.0
136 A 29.0 125.0 0.0 717958.0
137 A 13.0 92.0 0.0 20559.0
138 A -47.0 22.0 0.0 711447.0
139 A -9.0 53.0 0.0 425345.0
140 A 37.0 -18.0 0.0 903674.0
141 A -44.0 76.0 0.0 2714821.0
142 A 39.0 -10.0 0.0 1614932.0
143 A -38.0 81.0 0.0 1357594.0
144 A -26.0 -37.0 0.0 1155839.0
145 A -8.0 -104.0 0.0 2663534.0
146 A -6.0 57.0 0.0 98808.0
147 A -59.0 -175.0 0.0 1345151.0
148 A 40.0 93.0 0.0 2773.0
149 A -30.0 -98.0 0.0 1009557.0
150 A 62.0 -19.0 0.0 525278.0
151 A 3.0 -71.0 0.0 2125338.0
152 A -23.0 173.0 0.0 531623.0
153 A -13.0 -66.0 0.0 1642264.0
154 A -42.0 34.0 0.0 1418589.0
155 A 9.0 39.0 0.0 1221836.0
156 A -14.0 -115.0 0.0 706682.0
157 A -12.0 -24.0 0.0 2099778.0
158 A -22.0 9.0 0.0 1958193.0
159 A 32.0 -21.0 0.0 93236.0
160 A -2.0 147.0 0.0 952584.0
161 A -34.0 41.0 0.0 2828298.0
162 A -31.0 -159.0 0.0 644935.0
163 A -0.0 -14.0 0.0 1814538.0
164 A 9.0 -124.0 0.0 331148.0
165 A 22.0 -50.0 0.0 519157.0
166 A 65.0 124.0 0.0 493241.0
167 A -4.0 -95.0 0.0 2640693.0
168 A -66.0 10.0 0.0 2420523.0
169 A -56.0 -137.0 0.0 668685.0
170 A 83.0 -104.0 0.0 2069500.0
171 A 45.0 179.0 0.0 84700.0
172 A -27.0 153.0 0.0 620677.0
173 A 15.0 -160.0 0.0 1602728.0
174 A -0.0 -101.0 0.0 422330.0
175 A 24.0 -6.0 0.0 647838.0
176 A -10.0 -134.0 0.0 1137646.0
177 A -1.0 -169.0 0.0 2313605.0
178 A 26.0 -127.0 0.0 1408069.0
179 A -19.0 129.0 0.0 16171.0
180 A -40.0 130.0 0.0 2360701.0
181 A 17.0 19.0 0.0 526459.0
182 A -75.0 -120.0 0.0 2135951.0
183 A -7.0 -168.0 0.0 2696439.0
184 A 74.0 107.0 0.0 1458497.0
185 A -40.0 -103.0 0.0 1080619.0
186 A -8.0 -129.0 0.0 1219422.0
187 A 12.0 139.0 0.0 832084.0
188 A 25.0 145.0 0.0 961480.0
189 A 30.0 95.0 0.0 1106483.0
190 A -8.0 36.0 0.0 2202623.0
191 A 29.0 -127.0 0.0 865877.0
192 A -57.0 -77.0 0.0 1051707.0
193 A 1.0 -62.0 0.0 1162248.0
194 A 31.0 -172.0 0.0 849526.0
195 A 0.0 -103.0 0.0 608898.0
196 A -4.0 -2.0 0.0 2063585.0
197 A 11.0 0.0 0.0 778448.0
198 A -17.0 -149.0 0.0 1742805.0
199 A 25.0 26.0 0.0 2089688.0
200 A -44.0 78.0 0.0 798223.0
201 A 16.0 -80.0 0.0 1512330.0
202 A 12.0 -114.0 0.0 286921.0
203 A -9.0 11.0 0.0 2195398.0
204 A -39.0 -155.0 0.0 1118688.0
205 A 53.0 -0.0 0.0 433873.0
206 A -23.0 143.0 0.0 578604.0
207 A 51.0 78.0 0.0 129637.0
208 A 30.0 80.0 0.0 2179442.0
209 A -57.0 164.0 0.0 1243385.0
210 A 56.0 52.0 0.0 2840796.0
211 A -40.0 -174.0 0.0 525531.0
212 A -4.0 -73.0 0.0 971236.0
213 A -39.0 91.0 0.0 513914.0
214 A -50.0 -152.0 0.0 1555730.0
215 A 20.0 60.0 0.0 2613875.0
216 A 33.0 3.0 0.0 2104248.0
217 A 17.0 52.0 0.0 614449.0
218 A 27.0 -15.0 0.0 28259.0
219 A 25.0 103.0 0.0 150630.0
220 A -14.0 -118.0 0.0 2246227.0
221 A 49.0 -141.0 0.0 501589.0
222 A -47.0 -75.0 0.0 2167779.0
223 A 24.0 13.0 0.0 2786138.0
224 A -20.0 135.0 0.0 1018110.0
225 A 5.0 -33.0 0.0 257877.0
226 A 75.0 -151.0 0.0 2480239.0
227 A 21.0 172.0 0.0 739026.0
228 A 41.0 -174.0 0.0 95848.0
229 A 32.0 -173.0 0.0 1632633.0
230 A -35.0 126.0 0.0 547678.0
231 A 81.0 -5.0 0.0 348455.0
232 A 22.0 29.0 0.0 1838114.0
233 A 33.0 -156.0 0.0 92913.0
234 A 6.0 117.0 0.0 1253836.0
235 A 45.0 -85.0 0.0 201318.0
236 A -65.0 10.0 0.0 1523117.0
237 A 9.0 -62.0 0.0 2487276.0
238 A 21.0 -6.0 0.0 1243703.0
239 A -2.0 65.0 0.0 411062.0
240 A 4.0 1.0 0.0 2688489.0
241 A -16.0 -3.0 0.0 998022.0
242 A -64.0 100.0 0.0 1397607.0
243 A 29.0 10.0 0.0 351725.0
244 A 51.0 -102.0 0.0 1818251.0
245 A -9.0 -96.0 0.0 1080820.0
246 A -60.0 -132.0 0.0 1267674.0
247 A 43.0 -132.0 0.0 1611749.0
248 A 58.0 95.0 0.0 1378472.0
249 A 34.0 -8.0 0.0 544389.0
250 A 29.0 -94.0 0.0 820458.0
251 A 50.0 13.0 0.0 2534598.0
252 A 15.0 94.0 0.0 2074518.0
253 A 9.0 -98.0 0.0 1428423.0
254 A -14.0 -168.0 0.0 2495617.0
255 A -39.0 -3.0 0.0 126586.0
256 A -27.0 106.0 0.0 381951.0
257 A -24.0 155.0 0.0 1664537.0
258 A -18.0 -65.0 0.0 424305.0
259 A 29.0 5.0 0.0 1184119.0
260 A -27.0 -68.0 0.0 1075910.0
261 A -27.0 79.0 0.0 1492074.0
262 A 14.0 -6.0 0.0 1453295.0
263 A -6.0 -99.0 0.0 588095.0
264 A 72.0 154.0 0.0 53931.0
265 A 75.0 12.0 0.0 895011.0
266 A 39.0 91.0 0.0 125738.0
267 A -10.0 -70.0 0.0 168388.0
268 A 63.0 -65.0 0.0 2849590.0
269 A -0.0 107.0 0.0 1175162.0
270 A 16.0 -78.0 0.0 914316.0
271 A 23.0 -123.0 0.0 2859719.0
272 A -24.0 -46.0 0.0 864958.0
273 A -43.0 127.0 0.0 606365.0
274 A 31.0 -78.0 0.0 2125469.0
275 A 33.0 97.0 0.0 505551.0
276 A -30.0 -100.0 0.0 1280087.0
277 A -55.0 46.0 0.0 2810235.0
278 A 13.0 161.0 0.0 320594.0
279 A 33.0 -67.0 0.0 582837.0
280 A -30.0 -115.0 0.0 2580074.0
281 A 13.0 -4.0 0.0 1674664.0
282 A 19.0 -110.0 0.0 1694396.0
283 A -15.0 140.0 0.0 543480.0
284 A 42.0 94.0 0.0 224770.0
285 A -84.0 58.0 0.0 1258818.0
286 A 16.0 -32.0 0.0 170257.0
287 A -29.0 -134.0 0.0 2822751.0
288 A 20.0 91.0 0.0 1737435.0
289 A 8.0 -37.0 0.0 110726.0
290 A 38.0 169.0 0.0 57054.0
291 A 76.0 177.0 0.0 159959.0
292 A 29.0 -43.0 0.0 1153161.0
293 A 7.0 -16.0 0.0 2134643.0
294 A 24.0 -96.0 0.0 992789.0
295 A -14.0 25.0 0.0 1608569.0
296 A 7.0 140.0 0.0 1636699.0
297 A -22.0 -91.0 0.0 915083.0
298 A -66.0 41.0 0.0 1194678.0
299 A 26.0 148.0 0.0 2497471.0
300 A -57.0 75.0 0.0 318342.0
301 A -50.0 -93.0 0.0 1579.0
302 A -33.0 -140.0 0.0 1307785.0
303 A -33.0 173.0 0.0 1246075.0
304 A -10.0 -10.0 0.0 65232.0
305 A 20.0 106.0 0.0 217802.0
306 A -2.0 102.0 0.0 674294.0
307 A 68.0 -10.0 0.0 765518.0
308 A 4.0 -124.0 0.0 2252203.0
309 A -50.0 151.0 0.0 753880.0
310 A -21.0 88.0 0.0 59910.0
311 A -7.0 119.0 0.0 2789002.0
312 A -61.0 158.0 0.0 2645150.0
313 A -32.0 73.0 0.0 854375.0
314 A 24.0 -30.0 0.0 1048283.0
315 A -2.0 -22.0 0.0 2219935.0
316 A -14.0 -101.0 0.0 2190718.0
317 A -69.0 91.0 0.0 136254.0
318 A 35.0 -131.0 0.0 63194.0
319 A -50.0 97.0 0.0 2176810.0
320 A -49.0 56.0 0.0 1831235.0
321 A -11.0 159.0 0.0 845912.0
322 A -25.0 -116.0 0.0 1925700.0
323 A -43.0 -92.0 0.0 407325.0
324 A 34.0 -179.0 0.0 1036447.0
325 A 46.0 85.0 0.0 2769709.0
326 A -59.0 -59.0 0.0 1301327.0
327 A 26.0 54.0 0.0 1055248.0
328 A 40.0 -102.0 0.0 2053121.0
329 A 79.0 127.0 0.0 487241.0
330 A -33.0 -52.0 0.0 1960430.0
331 A 15.0 95.0 0.0 1758693.0
332 A -8.0 147.0 0.0 2812473.0
333 A -44.0 -154.0 0.0 153100.0
334 A -23.0 -171.0 0.0 24408.0
335 A 72.0 170.0 0.0 942548.0
336 A -24.0 -36.0 0.0 1334321.0
337 A -55.0 -135.0 0.0 147504.0
338 A 3.0 75.0 0.0 1593149.0
339 A 54.0 -67.0 0.0 943946.0
340 A 11.0 -47.0 0.0 917709.0
341 A 7.0 62.0 0.0 903576.0
342 A -25.0 21.0 0.0 175980.0
343 A -61.0 -133.0 0.0 443234.0
344 A 49.0 88.0 0.0 2551550.0
345 A 44.0 -121.0 0.0 1496539.0
346 A 66.0 165.0 0.0 171208.0
347 A -55.0 79.0 0.0 2117820.0
348 A -20.0 25.0 0.0 1562950.0
349 A 1.0 -171.0 0.0 1442045.0
350 A -63.0 119.0 0.0 604644.0
351 A -68.0 -62.0 0.0 2631301.0
352 A 4.0 -49.0 0.0 1765087.0
353 A 5.0 95.0 0.0 866306.0
354 A -55.0 87.0 0.0 1006132.0
355 A -72.0 100.0 0.0 246539.0
356 A -18.0 6.0 0.0 306895.0
357 A 76.0 -94.0 0.0 1589018.0
358 A -3.0 157.0 0.0 499908.0
359 A 5.0 155.0 0.0 1039768.0
360 A -20.0 160.0 0.0 389529.0
361 A 70.0 109.0 0.0 1465738.0
362 A 34.0 96.0 0.0 175681.0
363 A 38.0 -28.0 0.0 213801.0
364 A 35.0 -159.0 0.0 764405.0
365 A -2.0 -35.0 0.0 1396840.0
366 A 68.0 19.0 0.0 652636.0
367 A 23.0 9.0 0.0 948188.0
368 A 35.0 -101.0 0.0 1038697.0
369 A 74.0 -121.0 0.0 892554.0
370 A 38.0 32.0 0.0 203905.0
371 A 71.0 -20.0 0.0 1515831.0
372 A -74.0 -52.0 0.0 1451373.0
373 A -41.0 -137.0 0.0 35755.0
374 A 22.0 -23.0 0.0 190366.0
375 A -23.0 83.0 0.0 1319097.0
376 A 56.0 -29.0 0.0 2729756.0
377 A -18.0 -51.0 0.0 161903.0
378 A -19.0 -121.0 0.0 687274.0
379 A 23.0 -117.0 0.0 332374.0
380 A -17.0 51.0 0.0 2277869.0
381 A 25.0 -149.0 0.0 2751216.0
382 A 26.0 55.0 0.0 1215768.0
383 A 43.0 120.0 0.0 22714.0
384 A -30.0 138.0 0.0 1854873.0
385 A -17.0 -66.0 0.0 1348313.0
386 A 2.0 136.0 0.0 280184.0
387 A 13.0 -148.0 0.0 1508085.0
388 A -44.0 175.0 0.0 2429530.0
389 A -26.0 -80.0 0.0 2599510.0
390 A 18.0 -56.0 0.0 5741.0
391 A 62.0 21.0 0.0 1311684.0
392 A 19.0 1.0 0.0 655048.0
393 A 3.0 19.0 0.0 523377.0
394 A 27.0 105.0 0.0 1037300.0
395 A 43.0 -67.0 0.0 641030.0
396 A -22.0 143.0 0.0 2357967.0
397 A 33.0 143.0 0.0 1152594.0
398 A 4.0 -160.0 0.0 182273.0
399 A 8.0 1.0 0.0 1172059.0
400 A -6.0 -139.0 0.0 1787521.0
401 A 37.0 121.0 0.0 2865666.0
402 A -50.0 99.0 0.0 2495787.0
403 A 7.0 96.0 0.0 181532.0
404 A 36.0 32.0 0.0 875113.0
405 A -45.0 -66.0 0.0 700157.0
406 A -27.0 135.0 0.0 1424247.0
407 A 32.0 77.0 0.0 1260544.0
408 A -12.0 -104.0 0.0 363619.0
409 A 26.0 -8.0 0.0 1374238.0
410 A 38.0 -143.0 0.0 95888.0
411 A 28.0 119.0 0.0 928721.0
412 A -50.0 -72.0 0.0 2025250.0
413 A 26.0 -149.0 0.0 636865.0
414 A 14.0 -166.0 0.0 1305325.0
415 A -44.0 -70.0 0.0 1066499.0
416 A 24.0 45.0 0.0 2493885.0
417 A -50.0 34.0 0.0 3996.0
418 A -11.0 -61.0 0.0 1491646.0
419 A 71.0 122.0 0.0 1582702.0
420 A -59.0 112.0 0.0 1335281.0
421 A 15.0 81.0 0.0 740779.0
422 A 15.0 159.0 0.0 1831133.0
423 A 11.0 -74.0 0.0 447249.0
424 A 33.0 9.0 0.0 240598.0
425 A -20.0 108.0 0.0 882459.0
426 A 49.0 61.0 0.0 220711.0
427 A -87.0 -118.0 0.0 2190491.0
428 A -26.0 103.0 0.0 1760472.0
429 A 3.0 -62.0 0.0 1169381.0
430 A 1.0 -94.0 0.0 1146888.0
431 A -17.0 -158.0 0.0 983141.0
432 A 25.0 119.0 0.0 905600.0
433 A 46.0 -90.0 0.0 307976.0
434 A -45.0 77.0 0.0 994827.0
435 A 5.0 -136.0 0.0 1458906.0
436 A -60.0 31.0 0.0 360417.0
437 A -22.0 23.0 0.0 1642337.0
438 A -31.0 -33.0 0.0 1332768.0
439 A -67.0 -163.0 0.0 230752.0
440 A -31.0 -150.0 0.0 677956.0
441 A 20.0 150.0 0.0 94665.0
442 A -23.0 -147.0 0.0 1348794.0
443 A -34.0 71.0 0.0 2224020.0
444 A -56.0 28.0 0.0 1433884.0
445 A -12.0 152.0 0.0 1229727.0
446 A 47.0 -147.0 0.0 8848.0
447 A -5.0 -137.0 0.0 1915352.0
448 A 42.0 -69.0 0.0 1096763.0
449 A -32.0 -140.0 0.0 599356.0
450 A 8.0 45.0 0.0 402827.0
451 A 32.0 173.0 0.0 2665029.0
452 A 33.0 -13.0 0.0 348832.0
453 A -6.0 135.0 0.0 130931.0
454 A -71.0 -71.0 0.0 847499.0
455 A -67.0 11.0 0.0 1180910.0
456 A -26.0 -48.0 0.0 2256334.0
457 A -4.0 51.0 0.0 799801.0
458 A -77.0 149.0 0.0 2636014.0
459 A 8.0 45.0 0.0 2134359.0
460 A -31.0 -25.0 0.0 89887.0
461 A 5.0 93.0 0.0 1208252.0
462 A 13.0 -52.0 0.0 1519610.0
463 A -53.0 57.0 0.0 2195688.0
464 A 62.0 -156.0 0.0 593387.0
465 A 12.0 138.0 0.0 1166390.0
466 A -26.0 -29.0 0.0 2877584.0
467 A 36.0 126.0 0.0 1556141.0
468 A 15.0 40.0 0.0 958743.0
469 A 4.0 26.0 0.0 152218.0
470 A 35.0 42.0 0.0 2120512.0
471 A -27.0 -98.0 0.0 9570.0
472 A -26.0 117.0 0.0 300682.0
473 A 84.0 -33.0 0.0 1034090.0
474 A -36.0 5.0 0.0 946915.0
475 A -52.0 69.0 0.0 1206959.0
476 A 40.0 142.0 0.0 1157732.0
477 A -58.0 -62.0 0.0 1407296.0
478 A -7.0 80.0 0.0 849171.0
479 A 72.0 16.0 0.0 2366561.0
480 A 50.0 -51.0 0.0 2843229.0
481 A -40.0 166.0 0.0 2733068.0
482 A -53.0 39.0 0.0 509727.0
483 A -2.0 -124.0 0.0 136223.0
484 A -41.0 -69.0 0.0 101088.0
485 A -36.0 -164.0 0.0 1708102.0
486 A -13.0 -176.0 0.0 2163775.0
487 A 20.0 -12.0 0.0 1156366.0
488 A -64.0 58.0 0.0 750936.0
489 A -13.0 154.0 0.0 2407507.0
490 A -35.0 -97.0 0.0 2646004.0
491 A 24.0 -128.0 0.0 1453864.0
492 A -13.0 6.0 0.0 1646991.0
493 A 3.0 -143.0 0.0 5121.0
494 A 22.0 -64.0 0.0 343761.0
495 A -18.0 119.0 0.0 1573527.0
496 A 16.0 -96.0 0.0 2344234.0
497 A 21.0 -31.0 0.0 330231.0
498 A 6.0 -74.0 0.0 915264.0
499 A 63.0 -49.0 0.0 60962.0
500 A 52.0 15.0 0.0 408222.0
501 A -48.0 124.0 0.0 631305.0
502 A 22.0 -117.0 0.0 318896.0
503 A -33.0 -106.0 0.0 378652.0
504 A -36.0 -116.0 0.0 1648095.0
505 A 82.0 59.0 0.0 1647247.0
506 A 23.0 46.0 0.0 65171.0
507 A -4.0 -23.0 0.0 978307.0
508 A 58.0 -154.0 0.0 40005.0
509 A 17.0 -76.0 0.0 1204881.0
510 A 66.0 -167.0 0.0 1299564.0
511 A -46.0 45.0 0.0 910674.0
512 A -45.0 85.0 0.0 41808.0
513 A 23.0 33.0 0.0 856281.0
514 A -66.0 -59.0 0.0 2055796.0
515 A -60.0 119.0 0.0 2341718.0
516 A -78.0 127.0 0.0 1225954.0
517 A 3.0 146.0 0.0 274098.0
518 A -46.0 -63.0 0.0 800103.0
519 A 49.0 178.0 0.0 758971.0
520 A 14.0 -177.0 0.0 2417310.0
521 A 19.0 26.0 0.0 644258.0
522 A 52.0 -73.0 0.0 2295011.0
523 A -36.0 -80.0 0.0 782043.0
524 A 18.0 -164.0 0.0 2686049.0
525 A -26.0 -149.0 0.0 1134190.0
526 A -46.0 -37.0 0.0 11388.0
527 A -3.0 50.0 0.0 873163.0
528 A 69.0 12.0 0.0 477115.0
529 A -3.0 5.0 0.0 2066053.0
530 A 8.0 -56.0 0.0 1586120.0
531 A 19.0 -162.0 0.0 394620.0
532 A 67.0 156.0 0.0 912390.0
533 A 8.0 161.0 0.0 728690.0
534 A 48.0 164.0 0.0 1451622.0
535 A -33.0 -91.0 0.0 585586.0
536 A -56.0 87.0 0.0 2619717.0
537 A -57.0 -146.0 0.0 1167915.0
538 A 78.0 99.0 0.0 227629.0
539 A -13.0 95.0 0.0 1953124.0
540 A 65.0 68.0 0.0 2802075.0
541 A 71.0 88.0 0.0 1452494.0
542 A -41.0 53.0 0.0 2284900.0
543 A 38.0 133.0 0.0 2063847.0
544 A 5.0 -132.0 0.0 1477764.0
545 A -24.0 -156.0 0.0 412162.0
546 A 10.0 107.0 0.0 489554.0
547 A 49.0 -65.0 0.0 832319.0
548 A -14.0 56.0 0.0 664047.0
549 A -51.0 13.0 0.0 1724131.0
550 A 49.0 -60.0 0.0 813261.0
551 A -8.0 176.0 0.0 198649.0
552 A 56.0 -72.0 0.0 1059972.0
553 A 18.0 -56.0 0.0 1153680.0
554 A -32.0 88.0 0.0 1522248.0
555 A -47.0 24.0 0.0 1207017.0
556 A -51.0 153.0 0.0 1047809.0
557 A 17.0 39.0 0.0 1444674.0
558 A -39.0 79.0 0.0 302642.0
559 A -56.0 96.0 0.0 750902.0
560 A -49.0 -172.0 0.0 936313.0
561 A -52.0 -53.0 0.0 2117754.0
562 A -39.0 89.0 0.0 273689.0
563 A -10.0 -31.0 0.0 324130.0
564 A 5.0 -147.0 0.0 167193.0
565 A 18.0 112.0 0.0 1527567.0
566 A -34.0 151.0 0.0 564014.0
567 A 69.0 -27.0 0.0 345865.0
568 A -55.0 -58.0 0.0 982099.0
569 A -35.0 31.0 0.0 805317.0
570 A 46.0 -49.0 0.0 352723.0
571 A 27.0 -102.0 0.0 375392.0
572 A -76.0 18.0 0.0 47355.0
573 A -11.0 -175.0 0.0 2155827.0
574 A -70.0 -27.0 0.0 2723132.0
575 A 2.0 92.0 0.0 1080836.0
576 A -46.0 83.0 0.0 1250711.0
577 A 21.0 -127.0 0.0 1296015.0
578 A -53.0 -178.0 0.0 874547.0
579 A -15.0 -56.0 0.0 1161179.0
580 A -86.0 -129.0 0.0 878056.0
581 A 26.0 172.0 0.0 1361357.0
582 A 10.0 169.0 0.0 514107.0
583 A 3.0 -115.0 0.0 1336475.0
584 A 38.0 116.0 0.0 2017359.0
585 A 65.0 73.0 0.0 2763667.0
586 A 11.0 -124.0 0.0 27233.0
587 A 31.0 -60.0 0.0 7379.0
588 A -87.0 -35.0 0.0 406743.0
589 A 28.0 -21.0 0.0 230117.0
590 A -66.0 97.0 0.0 1013086.0
591 A 68.0 80.0 0.0 525938.0
592 A 79.0 115.0 0.0 862761.0
593 A -75.0 39.0 0.0 146423.0
594 A -5.0 -97.0 0.0 2594654.0
595 A -55.0 -8.0 0.0 2202744.0
596 A -48.0 -173.0 0.0 1254657.0
597 A -6.0 -37.0 0.0 697950.0
598 A -55.0 -100.0 0.0 1678361.0
599 A -56.0 57.0 0.0 736149.0
600 A 15.0 135.0 0.0 2034986.0
601 A -44.0 -49.0 0.0 2374199.0
602 A -8.0 16.0 0.0 2467123.0
603 A 41.0 -23.0 0.0 331445.0
604 A 9.0 -159.0 0.0 1274587.0
605 A 51.0 -164.0 0.0 127006.0
606 A -6.0 180.0 0.0 782899.0
607 A 39.0 -21.0 0.0 2742315.0
608 A -20.0 32.0 0.0 1753100.0
609 A -33.0 -29.0 0.0 2219492.0
610 A -67.0 -44.0 0.0 2266046.0
611 A -73.0 -152.0 0.0 2316905.0
612 A -4.0 34.0 0.0 2304782.0
613 A 27.0 160.0 0.0 1263374.0
614 A -8.0 55.0 0.0 920981.0
615 A 31.0 38.0 0.0 783432.0
616 A 38.0 -93.0 0.0 541155.0
617 A 20.0 18.0 0.0 14906.0
618 A -3.0 134.0 0.0 632991.0
619 A 4.0 -142.0 0.0 625935.0
620 A 47.0 100.0 0.0 216918.0
621 A -31.0 -132.0 0.0 2455220.0
622 A -73.0 -63.0 0.0 222172.0
623 A -1.0 48.0 0.0 1558829.0
624 A 70.0 111.0 0.0 948639.0
625 A -25.0 -147.0 0.0 1722080.0
626 A 38.0 75.0 0.0 642555.0
627 A -48.0 -170.0 0.0 2377734.0
628 A 19.0 141.0 0.0 2157482.0
629 A -29.0 -3.0 0.0 2201790.0
630 A 26.0 -40.0 0.0 944070.0
631 A 47.0 94.0 0.0 1631615.0
632 A 15.0 -32.0 0.0 2562521.0
633 A -19.0 -161.0 0.0 256243.0
634 A -53.0 127.0 0.0 1637783.0
635 A -40.0 -89.0 0.0 2464597.0
636 A 3.0 158.0 0.0 359862.0
637 A 21.0 52.0 0.0 325264.0
638 A 49.0 1.0 0.0 752232.0
639 A -34.0 114.0 0.0 1092173.0
640 A 8.0 -21.0 0.0 1685038.0
641 A 41.0 -179.0 0.0 1137131.0
642 A 37.0 57.0 0.0 308729.0
643 A 41.0 14.0 0.0 2006455.0
644 A -42.0 -149.0 0.0 939356.0
645 A -1.0 -86.0 0.0 2141831.0
646 A -18.0 117.0 0.0 2661864.0
647 A -14.0 105.0 0.0 804361.0
648 A -4.0 154.0 0.0 897304.0
649 A 15.0 -93.0 0.0 2778384.0
650 A -26.0 -151.0 0.0 582849.0
651 A 45.0 113.0 0.0 2863613.0
652 A 34.0 131.0 0.0 1273633.0
653 A 34.0 -5.0 0.0 134537.0
654 A 37.0 -164.0 0.0 2881098.0
655 A -11.0 -157.0 0.0 1415126.0
656 A 40.0 74.0 0.0 1662310.0
657 A -48.0 -136.0 0.0 1732561.0
658 A -50.0 158.0 0.0 251664.0
659 A -86.0 -95.0 0.0 318213.0
660 A 30.0 -39.0 0.0 468709.0
661 A 35.0 40.0 0.0 135644.0
662 A 61.0 3.0 0.0 1516649.0
663 A -10.0 8.0 0.0 2466565.0
664 A -8.0 159.0 0.0 985462.0
665 A 38.0 74.0 0.0 124210.0
666 A 30.0 -176.0 0.0 2019795.0
667 A 23.0 3.0 0.0 364098.0
668 A -26.0 174.0 0.0 50723.0
669 A -47.0 -108.0 0.0 886273.0
670 A -22.0 145.0 0.0 1165867.0
671 A -37.0 72.0 0.0 1028703.0
672 A 16.0 125.0 0.0 817342.0
673 A -75.0 142.0 0.0 308972.0
674 A -8.0 -84.0 0.0 136732.0
675 A -5.0 -71.0 0.0 255891.0
676 A -46.0 28.0 0.0 54807.0
677 A 54.0 -50.0 0.0 2429161.0
678 A 9.0 138.0 0.0 2174472.0
679 A -39.0 85.0 0.0 2183692.0
680 A 26.0 -159.0 0.0 544953.0
681 A 11.0 44.0 0.0 2056890.0
682 A 53.0 -34.0 0.0 2503111.0
683 A -32.0 -9.0 0.0 1093903.0
684 A 59.0 -116.0 0.0 306282.0
685 A -28.0 -58.0 0.0 1746431.0
686 A 1.0 80.0 0.0 835048.0
687 A 9.0 -174.0 0.0 208005.0
688 A -35.0 -59.0 0.0 1325268.0
689 A 81.0 57.0 0.0 953608.0
690 A -26.0 150.0 0.0 1879398.0
691 A -19.0 -38.0 0.0 212790.0
692 A 16.0 50.0 0.0 304295.0
693 A 50.0 159.0 0.0 1673874.0
694 A 66.0 141.0 0.0 895520.0
695 A -60.0 -72.0 0.0 2379672.0
696 A -17.0 -32.0 0.0 1918347.0
697 A 21.0 -61.0 0.0 256715.0
698 A 19.0 59.0 0.0 5440.0
699 A -21.0 -2.0 0.0 220279.0
700 A -42.0 -155.0 0.0 144473.0
701 A 39.0 17.0 0.0 683939.0
702 A -74.0 115.0 0.0 1844856.0
703 A -31.0 -167.0 0.0 1252699.0
704 A -39.0 -73.0 0.0 2129377.0
705 A 4.0 -105.0 0.0 499492.0
706 A 5.0 -72.0 0.0 1968287.0
707 A -29.0 -103.0 0.0 585956.0
708 A -47.0 9.0 0.0 2276878.0
709 A -56.0 -38.0 0.0 234366.0
710 A 32.0 3.0 0.0 506995.0
711 A 45.0 169.0 0.0 585342.0
712 A 41.0 3.0 0.0 1774741.0
713 A -20.0 121.0 0.0 1974482.0
714 A 12.0 -14.0 0.0 227795.0
715 A -7.0 -171.0 0.0 365457.0
716 A 53.0 -29.0 0.0 686032.0
717 A 27.0 68.0 0.0 2636313.0
718 A -38.0 21.0 0.0 1938423.0
719 A -0.0 -105.0 0.0 2397503.0
720 A -54.0 84.0 0.0 457431.0
721 A 37.0 -104.0 0.0 188630.0
722 A 1.0 -109.0 0.0 349250.0
723 A 43.0 132.0 0.0 2837232.0
724 A -36.0 -137.0 0.0 44462.0
725 A 12.0 -36.0 0.0 580927.0
726 A 20.0 169.0 0.0 217740.0
727 A 52.0 -70.0 0.0 2541203.0
728 A -17.0 17.0 0.0 572375.0
729 A -26.0 -119.0 0.0 2387970.0
730 A 38.0 -116.0 0.0 442752.0
731 A -39.0 29.0 0.0 754683.0
732 A 17.0 -7.0 0.0 1504355.0
733 A 79.0 -152.0 0.0 702725.0
734 A -26.0 10.0 0.0 257216.0
735 A 79.0 171.0 0.0 2044005.0
736 A 13.0 -173.0 0.0 439989.0
737 A 74.0 159.0 0.0 672602.0
738 A -2.0 -28.0 0.0 2382058.0
739 A -70.0 31.0 0.0 2630298.0
740 A 69.0 -37.0 0.0 1604277.0
741 A 8.0 -86.0 0.0 561683.0
742 A -1.0 -19.0 0.0 729539.0
743 A -67.0 -10.0 0.0 672683.0
744 A -50.0 -120.0 0.0 1160377.0
745 A 37.0 -159.0 0.0 1469369.0
746 A -9.0 43.0 0.0 1486252.0
747 A 2.0 -149.0 0.0 2301160.0
748 A 10.0 141.0 0.0 179372.0
749 A 27.0 38.0 0.0 790470.0
750 A -70.0 98.0 0.0 954055.0
751 A 4.0 -61.0 0.0 670646.0
752 A 38.0 -51.0 0.0 2065078.0
753 A -52.0 -69.0 0.0 1360598.0
754 A -26.0 105.0 0.0 2553732.0
755 A -81.0 118.0 0.0 2351473.0
756 A 44.0 -41.0 0.0 2267000.0
757 A -41.0 -103.0 0.0 84816.0
758 A 34.0 -106.0 0.0 327408.0
759 A -27.0 -93.0 0.0 2815765.0
760 A 52.0 -53.0 0.0 598838.0
761 A -54.0 19.0 0.0 1089728.0
762 A 23.0 -91.0 0.0 2732910.0
763 A -25.0 -161.0 0.0 617641.0
764 A -11.0 -117.0 0.0 1250322.0
765 A -64.0 -61.0 0.0 1657137.0
766 A -4.0 -56.0 0.0 788242.0
767 A -52.0 17.0 0.0 717159.0
768 A -13.0 -84.0 0.0 1629933.0
769 A 63.0 5.0 0.0 160226.0
770 A 61.0 157.0 0.0 2045568.0
771 A 18.0 -100.0 0.0 1312425.0
772 A 62.0 46.0 0.0 93104.0
773 A 17.0 8.0 0.0 1025440.0
774 A -6.0 157.0 0.0 2419672.0
775 A 8.0 -83.0 0.0 1703607.0
776 A -14.0 158.0 0.0 580966.0
777 A -19.0 51.0 0.0 1279142.0
778 A 1.0 136.0 0.0 808402.0
779 A 1.0 132.0 0.0 2092679.0
780 A -40.0 19.0 0.0 1475749.0
781 A 11.0 -57.0 0.0 755804.0
782 A 31.0 164.0 0.0 851866.0
783 A -53.0 176.0 0.0 1237250.0
784 A -78.0 -144.0 0.0 478427.0
785 A -47.0 176.0 0.0 112321.0
786 A 63.0 162.0 0.0 1920021.0
787 A 33.0 15.0 0.0 2794009.0
788 A -51.0 -83.0 0.0 1569078.0
789 A 59.0 -48.0 0.0 422389.0
790 A 49.0 -80.0 0.0 1421494.0
791 A 11.0 -178.0 0.0 1722649.0
792 A 15.0 161.0 0.0 1072024.0
793 A 26.0 133.0 0.0 436537.0
794 A -20.0 -56.0 0.0 2097936.0
795 A 30.0 56.0 0.0 1372582.0
796 A 36.0 -102.0 0.0 23330.0
797 A -24.0 -4.0 0.0 787304.0
798 A 28.0 35.0 0.0 308866.0
799 A -3.0 -16.0 0.0 1579235.0
800 A 4.0 -49.0 0.0 763988.0
801 A -47.0 -108.0 0.0 102183.0
802 A 34.0 119.0 0.0 2755991.0
803 A -38.0 -148.0 0.0 258363.0
804 A 34.0 82.0 0.0 789464.0
805 A -13.0 138.0 0.0 1333855.0
806 A 21.0 -116.0 0.0 923180.0
807 A -6.0 -24.0 0.0 2327807.0
808 A 57.0 77.0 0.0 1313919.0
809 A -51.0 -83.0 0.0 498841.0
810 A 29.0 115.0 0.0 1081397.0
811 A -39.0 -48.0 0.0 1150939.0
812 A -52.0 51.0 0.0 1478496.0
813 A 4.0 34.0 0.0 315758.0
814 A -19.0 64.0 0.0 2293313.0
815 A 13.0 163.0 0.0 442396.0
816 A 18.0 -67.0 0.0 1633409.0
817 A -2.0 121.0 0.0 1433900.0
818 A 82.0 -51.0 0.0 1627095.0
819 A -41.0 168.0 0.0 1971329.0
820 A -81.0 -13.0 0.0 1751142.0
821 A 24.0 -62.0 0.0 1205833.0
822 A 49.0 163.0 0.0 819650.0
823 A 51.0 69.0 0.0 1818186.0
824 A 62.0 127.0 0.0 306829.0
825 A 5.0 -83.0 0.0 1714539.0
826 A 24.0 4.0 0.0 1621929.0
827 A 49.0 102.0 0.0 1130579.0
828 A -70.0 121.0 0.0 762104.0
829 A -11.0 107.0 0.0 1548415.0
830 A 20.0 -45.0 0.0 1955527.0
831 A -11.0 -3.0 0.0 486502.0
832 A -17.0 -137.0 0.0 2311008.0
833 A -54.0 17.0 0.0 2649921.0
834 A 31.0 84.0 0.0 1408232.0
835 A -34.0 162.0 0.0 1368580.0
836 A 34.0 -140.0 0.0 1682208.0
837 A 71.0 -11.0 0.0 207698.0
838 A -5.0 80.0 0.0 1550279.0
839 A -18.0 118.0 0.0 1772529.0
840 A 3.0 100.0 0.0 769408.0
841 A -71.0 -90.0 0.0 2191766.0
842 A -21.0 114.0 0.0 85688.0
843 A -14.0 -156.0 0.0 1995862.0
844 A -33.0 106.0 0.0 1875615.0
845 A -33.0 -13.0 0.0 564764.0
846 A -9.0 -81.0 0.0 2794011.0
847 A -59.0 -94.0 0.0 2385273.0
848 A 62.0 34.0 0.0 827349.0
849 A -21.0 -172.0 0.0 878336.0
850 A -78.0 24.0 0.0 1500281.0
851 A -10.0 34.0 0.0 1653540.0
852 A 15.0 -25.0 0.0 1014967.0
853 A -34.0 -170.0 0.0 854987.0
854 A 38.0 163.0 0.0 110035.0
855 A -18.0 -45.0 0.0 2346171.0
856 A -68.0 123.0 0.0 1084933.0
857 A -3.0 -63.0 0.0 761820.0
858 A 63.0 112.0 0.0 2885633.0
859 A 20.0 -39.0 0.0 1794272.0
860 A 53.0 -48.0 0.0 2143039.0
861 A 32.0 -149.0 0.0 574763.0
862 A 4.0 -16.0 0.0 1949840.0
863 A 69.0 178.0 0.0 2624204.0
864 A -3.0 114.0 0.0 2483169.0
865 A -38.0 -117.0 0.0 1226149.0
866 A -31.0 38.0 0.0 511221.0
867 A -19.0 168.0 0.0 1186514.0
868 A -43.0 -78.0 0.0 1053866.0
869 A -19.0 127.0 0.0 1626254.0
870 A -67.0 81.0 0.0 774267.0
871 A 42.0 -37.0 0.0 1284815.0
872 A 25.0 -15.0 0.0 1038189.0
873 A -10.0 -104.0 0.0 562751.0
874 A 33.0 -27.0 0.0 263478.0
875 A 18.0 -137.0 0.0 1304563.0
